9.678499999999999603e-02 7.093599999999999905e-02 5.138399999999999912e-02 5.331799999999999734e-02 4.673999999999999683e-02 3.720099999999999796e-02 2.213599999999999943e-02 1.521300000000000083e-02 1.208500000000000026e-02 9.138000000000000289e-03 -7.605999999999999914e-03 1.847899999999999890e-02 2.805699999999999861e-02 3.247699999999999892e-02 2.218600000000000086e-02 2.703900000000000053e-02 2.949999999999999845e-02 2.778800000000000020e-02 2.188700000000000020e-02 1.389600000000000037e-02 1.565199999999999925e-02 1.252099999999999914e-02 4.013599999999999807e-02 3.526699999999999974e-02 2.534300000000000094e-02 1.946200000000000013e-02 1.429700000000000068e-02 1.134100000000000039e-02 6.631999999999999874e-03 4.458000000000000157e-03
7.093599999999999905e-02 6.682599999999999651e-02 4.700700000000000017e-02 4.686200000000000088e-02 4.364400000000000224e-02 3.761199999999999960e-02 2.472200000000000092e-02 1.921300000000000091e-02 1.747299999999999895e-02 1.347699999999999940e-02 1.139999999999999954e-03 1.495699999999999981e-02 2.439200000000000049e-02 2.781099999999999892e-02 2.064600000000000116e-02 2.394500000000000101e-02 2.734500000000000125e-02 2.489399999999999946e-02 2.070500000000000118e-02 1.606399999999999842e-02 1.472000000000000045e-02 1.242099999999999975e-02 3.556800000000000239e-02 3.270699999999999996e-02 2.604899999999999924e-02 2.219899999999999998e-02 1.882100000000000092e-02 1.684499999999999886e-02 1.266600000000000018e-02 1.042299999999999997e-02
5.138399999999999912e-02 4.700700000000000017e-02 4.390100000000000252e-02 3.910000000000000281e-02 3.722199999999999814e-02 3.323399999999999965e-02 2.699700000000000016e-02 2.439300000000000149e-02 2.306899999999999923e-02 2.137999999999999970e-02 1.569800000000000015e-02 1.103900000000000020e-02 1.812300000000000022e-02 2.172699999999999979e-02 2.094599999999999934e-02 2.257199999999999832e-02 2.622000000000000025e-02 2.406300000000000106e-02 2.451300000000000007e-02 2.082600000000000076e-02 2.118799999999999850e-02 1.842200000000000087e-02 3.228899999999999826e-02 3.102299999999999849e-02 2.718299999999999883e-02 2.508700000000000166e-02 2.306400000000000117e-02 2.237799999999999859e-02 2.060299999999999979e-02 1.915700000000000042e-02
5.331799999999999734e-02 4.686200000000000088e-02 3.910000000000000281e-02 4.758199999999999930e-02 3.968800000000000106e-02 3.553400000000000308e-02 2.743800000000000058e-02 2.511199999999999891e-02 2.447200000000000070e-02 2.239800000000000124e-02 1.089799999999999970e-02 1.234099999999999954e-02 1.798100000000000045e-02 2.251099999999999976e-02 1.766900000000000068e-02 2.323100000000000165e-02 2.626799999999999968e-02 2.537899999999999878e-02 2.771500000000000005e-02 1.689600000000000130e-02 1.958299999999999971e-02 2.021799999999999986e-02 3.069600000000000106e-02 3.079799999999999899e-02 2.728600000000000123e-02 2.558900000000000063e-02 2.395100000000000007e-02 2.233900000000000122e-02 1.958899999999999877e-02 1.755599999999999869e-02
4.673999999999999683e-02 4.364400000000000224e-02 3.722199999999999814e-02 3.968800000000000106e-02 4.012700000000000294e-02 3.582199999999999968e-02 2.944599999999999995e-02 2.777900000000000161e-02 2.775899999999999895e-02 2.605199999999999877e-02 1.939000000000000098e-02 9.716000000000000678e-03 1.585500000000000104e-02 2.098500000000000018e-02 1.792099999999999943e-02 2.372600000000000056e-02 2.657999999999999946e-02 2.499499999999999986e-02 2.507900000000000060e-02 2.168000000000000135e-02 2.286300000000000138e-02 2.114299999999999860e-02 2.902499999999999872e-02 2.995700000000000099e-02 2.801700000000000024e-02 2.717299999999999924e-02 2.642900000000000110e-02 2.537000000000000019e-02 2.376199999999999840e-02 2.255899999999999919e-02
3.720099999999999796e-02 3.761199999999999960e-02 3.323399999999999965e-02 3.553400000000000308e-02 3.582199999999999968e-02 3.702300000000000035e-02 3.054400000000000170e-02 3.044200000000000031e-02 3.141100000000000142e-02 2.964299999999999921e-02 2.401599999999999915e-02 8.765000000000000221e-03 1.422600000000000080e-02 1.940899999999999917e-02 1.609199999999999867e-02 2.292200000000000140e-02 2.611899999999999986e-02 2.447699999999999876e-02 2.598500000000000115e-02 2.265100000000000099e-02 2.297700000000000090e-02 2.227399999999999866e-02 2.660200000000000065e-02 2.858199999999999977e-02 2.856399999999999911e-02 2.888299999999999895e-02 2.927400000000000141e-02 2.855200000000000099e-02 2.709200000000000150e-02 2.698800000000000157e-02
2.213599999999999943e-02 2.472200000000000092e-02 2.699700000000000016e-02 2.743800000000000058e-02 2.944599999999999995e-02 3.054400000000000170e-02 3.533800000000000135e-02 3.565600000000000019e-02 3.651100000000000179e-02 3.584099999999999786e-02 3.856199999999999906e-02 5.342000000000000394e-03 9.889000000000000221e-03 1.142199999999999986e-02 1.953099999999999975e-02 2.098200000000000065e-02 2.291199999999999834e-02 2.308199999999999835e-02 2.628799999999999887e-02 2.761500000000000066e-02 2.663099999999999842e-02 2.742699999999999999e-02 2.411200000000000149e-02 2.714899999999999952e-02 2.946299999999999961e-02 3.150300000000000322e-02 3.276500000000000246e-02 3.389699999999999658e-02 3.500199999999999839e-02 3.560800000000000076e-02
1.521300000000000083e-02 1.921300000000000091e-02 2.439300000000000149e-02 2.511199999999999891e-02 2.777900000000000161e-02 3.044200000000000031e-02 3.565600000000000019e-02 4.180799999999999794e-02 4.058300000000000102e-02 4.196699999999999736e-02 4.657700000000000035e-02 3.131000000000000102e-03 7.179999999999999750e-03 9.955000000000000307e-03 1.948700000000000085e-02 2.124099999999999946e-02 2.337699999999999848e-02 2.321199999999999999e-02 2.773600000000000024e-02 2.917399999999999854e-02 2.974299999999999861e-02 2.972599999999999895e-02 2.245499999999999927e-02 2.645899999999999988e-02 3.029300000000000048e-02 3.373400000000000010e-02 3.613999999999999851e-02 3.810199999999999698e-02 3.988499999999999684e-02 4.096400000000000041e-02
1.208500000000000026e-02 1.747299999999999895e-02 2.306899999999999923e-02 2.447200000000000070e-02 2.775899999999999895e-02 3.141100000000000142e-02 3.651100000000000179e-02 4.058300000000000102e-02 4.837099999999999733e-02 4.530200000000000199e-02 5.076499999999999763e-02 1.595000000000000064e-03 6.106999999999999582e-03 1.103699999999999994e-02 1.814999999999999947e-02 2.230599999999999944e-02 2.317599999999999869e-02 2.531699999999999923e-02 2.960700000000000137e-02 2.989599999999999896e-02 3.052099999999999952e-02 2.873600000000000113e-02 2.077700000000000033e-02 2.542200000000000015e-02 3.048999999999999974e-02 3.475700000000000317e-02 3.924799999999999817e-02 4.110400000000000165e-02 4.377799999999999747e-02 4.466599999999999737e-02
9.138000000000000289e-03 1.347699999999999940e-02 2.137999999999999970e-02 2.239800000000000124e-02 2.605199999999999877e-02 2.964299999999999921e-02 3.584099999999999786e-02 4.196699999999999736e-02 4.530200000000000199e-02 5.613499999999999740e-02 5.939699999999999841e-02 1.276000000000000007e-03 6.916000000000000272e-03 8.517000000000000265e-03 1.807800000000000032e-02 2.123900000000000093e-02 2.345699999999999869e-02 2.307299999999999976e-02 2.987000000000000072e-02 3.059900000000000120e-02 3.224099999999999883e-02 3.305099999999999705e-02 2.037100000000000022e-02 2.499799999999999939e-02 3.041299999999999906e-02 3.517399999999999693e-02 4.062600000000000239e-02 4.538799999999999779e-02 4.955500000000000183e-02 5.060400000000000315e-02
-7.605999999999999914e-03 1.139999999999999954e-03 1.569800000000000015e-02 1.089799999999999970e-02 1.939000000000000098e-02 2.401599999999999915e-02 3.856199999999999906e-02 4.657700000000000035e-02 5.076499999999999763e-02 5.939699999999999841e-02 8.636699999999999933e-02 -3.876999999999999804e-03 -1.691999999999999928e-03 6.299999999999999990e-05 2.060899999999999885e-02 2.163899999999999851e-02 2.196899999999999895e-02 2.133200000000000027e-02 3.038400000000000128e-02 3.932800000000000185e-02 3.747700000000000337e-02 3.763099999999999778e-02 1.768499999999999933e-02 2.247100000000000139e-02 2.970599999999999977e-02 3.596799999999999997e-02 4.308000000000000024e-02 5.176800000000000151e-02 6.021399999999999669e-02 6.296200000000000407e-02
1.847899999999999890e-02 1.495699999999999981e-02 1.103900000000000020e-02 1.234099999999999954e-02 9.716000000000000678e-03 8.765000000000000221e-03 5.342000000000000394e-03 3.131000000000000102e-03 1.595000000000000064e-03 1.276000000000000007e-03 -3.876999999999999804e-03 2.477100000000000135e-02 1.207800000000000019e-02 1.047599999999999920e-02 4.667000000000000141e-03 1.910999999999999938e-03 3.748000000000000029e-03 4.565999999999999746e-03 1.585000000000000037e-03 2.866000000000000058e-03 3.229000000000000099e-03 2.948000000000000100e-03 9.906999999999999140e-03 9.341000000000000345e-03 7.703999999999999911e-03 6.631999999999999874e-03 5.107999999999999693e-03 3.851999999999999955e-03 1.332999999999999984e-03 8.829999999999999958e-04
2.805699999999999861e-02 2.439200000000000049e-02 1.812300000000000022e-02 1.798100000000000045e-02 1.585500000000000104e-02 1.422600000000000080e-02 9.889000000000000221e-03 7.179999999999999750e-03 6.106999999999999582e-03 6.916000000000000272e-03 -1.691999999999999928e-03 1.207800000000000019e-02 3.503499999999999670e-02 1.485000000000000035e-02 1.047900000000000047e-02 5.551999999999999644e-03 9.657000000000000653e-03 1.053699999999999949e-02 1.074100000000000055e-02 4.065000000000000037e-03 7.349999999999999763e-03 7.926000000000000753e-03 1.423899999999999992e-02 1.334199999999999969e-02 1.085500000000000007e-02 9.442000000000000740e-03 7.771000000000000130e-03 6.059000000000000150e-03 3.269000000000000204e-03 2.325999999999999943e-03
3.247699999999999892e-02 2.781099999999999892e-02 2.172699999999999979e-02 2.251099999999999976e-02 2.098500000000000018e-02 1.940899999999999917e-02 1.142199999999999986e-02 9.955000000000000307e-03 1.103699999999999994e-02 8.517000000000000265e-03 6.299999999999999990e-05 1.047599999999999920e-02 1.485000000000000035e-02 3.502399999999999958e-02 7.130000000000000053e-03 1.564199999999999965e-02 1.532999999999999988e-02 1.618899999999999853e-02 1.252400000000000041e-02 9.558999999999999789e-03 9.931000000000000591e-03 9.730000000000000801e-03 1.609599999999999920e-02 1.589899999999999994e-02 1.339500000000000066e-02 1.188499999999999973e-02 1.070300000000000071e-02 8.658000000000000765e-03 5.181999999999999974e-03 5.373000000000000172e-03
2.218600000000000086e-02 2.064600000000000116e-02 2.094599999999999934e-02 1.766900000000000068e-02 1.792099999999999943e-02 1.609199999999999867e-02 1.953099999999999975e-02 1.948700000000000085e-02 1.814999999999999947e-02 1.807800000000000032e-02 2.060899999999999885e-02 4.667000000000000141e-03 1.047900000000000047e-02 7.130000000000000053e-03 4.821600000000000191e-02 1.657300000000000093e-02 1.932999999999999996e-02 1.974300000000000013e-02 1.848699999999999996e-02 2.386200000000000127e-02 2.245000000000000120e-02 1.878700000000000161e-02 1.916299999999999948e-02 1.864199999999999885e-02 1.778800000000000173e-02 1.760300000000000059e-02 1.637699999999999920e-02 1.711899999999999880e-02 1.712199999999999833e-02 1.726199999999999957e-02
2.703900000000000053e-02 2.394500000000000101e-02 2.257199999999999832e-02 2.323100000000000165e-02 2.372600000000000056e-02 2.292200000000000140e-02 2.098200000000000065e-02 2.124099999999999946e-02 2.230599999999999944e-02 2.123900000000000093e-02 2.163899999999999851e-02 1.910999999999999938e-03 5.551999999999999644e-03 1.564199999999999965e-02 1.657300000000000093e-02 5.031700000000000061e-02 2.357599999999999973e-02 2.217200000000000074e-02 2.176900000000000016e-02 2.156999999999999890e-02 2.146999999999999950e-02 1.796100000000000127e-02 1.925100000000000075e-02 1.939899999999999958e-02 1.858500000000000082e-02 1.839899999999999869e-02 1.829499999999999876e-02 1.906499999999999861e-02 1.980399999999999869e-02 2.036599999999999869e-02
2.949999999999999845e-02 2.734500000000000125e-02 2.622000000000000025e-02 2.626799999999999968e-02 2.657999999999999946e-02 2.611899999999999986e-02 2.291199999999999834e-02 2.337699999999999848e-02 2.317599999999999869e-02 2.345699999999999869e-02 2.196899999999999895e-02 3.748000000000000029e-03 9.657000000000000653e-03 1.532999999999999988e-02 1.932999999999999996e-02 2.357599999999999973e-02 5.954000000000000264e-02 2.728300000000000169e-02 3.243800000000000155e-02 2.490500000000000005e-02 2.265299999999999953e-02 2.349700000000000052e-02 2.177899999999999975e-02 2.209399999999999906e-02 2.127499999999999877e-02 2.135899999999999951e-02 2.123399999999999940e-02 2.164900000000000158e-02 2.250800000000000023e-02 2.284699999999999925e-02
2.778800000000000020e-02 2.489399999999999946e-02 2.406300000000000106e-02 2.537899999999999878e-02 2.499499999999999986e-02 2.447699999999999876e-02 2.308199999999999835e-02 2.321199999999999999e-02 2.531699999999999923e-02 2.307299999999999976e-02 2.133200000000000027e-02 4.565999999999999746e-03 1.053699999999999949e-02 1.618899999999999853e-02 1.974300000000000013e-02 2.217200000000000074e-02 2.728300000000000169e-02 5.856700000000000100e-02 3.046700000000000103e-02 2.799099999999999852e-02 2.616999999999999882e-02 2.694200000000000067e-02 2.108799999999999911e-02 2.223800000000000082e-02 2.222999999999999976e-02 2.240899999999999836e-02 2.291100000000000081e-02 2.244200000000000014e-02 2.218200000000000033e-02 2.366599999999999954e-02
2.188700000000000020e-02 2.070500000000000118e-02 2.451300000000000007e-02 2.771500000000000005e-02 2.507900000000000060e-02 2.598500000000000115e-02 2.628799999999999887e-02 2.773600000000000024e-02 2.960700000000000137e-02 2.987000000000000072e-02 3.038400000000000128e-02 1.585000000000000037e-03 1.074100000000000055e-02 1.252400000000000041e-02 1.848699999999999996e-02 2.176900000000000016e-02 3.243800000000000155e-02 3.046700000000000103e-02 6.717599999999999960e-02 2.763799999999999937e-02 3.016399999999999984e-02 3.468000000000000249e-02 2.080800000000000011e-02 2.225999999999999854e-02 2.306800000000000170e-02 2.398300000000000085e-02 2.487500000000000128e-02 2.634600000000000136e-02 2.743900000000000158e-02 2.980999999999999969e-02
1.389600000000000037e-02 1.606399999999999842e-02 2.082600000000000076e-02 1.689600000000000130e-02 2.168000000000000135e-02 2.265100000000000099e-02 2.761500000000000066e-02 2.917399999999999854e-02 2.989599999999999896e-02 3.059900000000000120e-02 3.932800000000000185e-02 2.866000000000000058e-03 4.065000000000000037e-03 9.558999999999999789e-03 2.386200000000000127e-02 2.156999999999999890e-02 2.490500000000000005e-02 2.799099999999999852e-02 2.763799999999999937e-02 7.817699999999999649e-02 3.765000000000000291e-02 3.539699999999999791e-02 1.930600000000000024e-02 2.125399999999999859e-02 2.360699999999999951e-02 2.549399999999999930e-02 2.619499999999999953e-02 2.795900000000000121e-02 3.015999999999999931e-02 3.196100000000000330e-02
1.565199999999999925e-02 1.472000000000000045e-02 2.118799999999999850e-02 1.958299999999999971e-02 2.286300000000000138e-02 2.297700000000000090e-02 2.663099999999999842e-02 2.974299999999999861e-02 3.052099999999999952e-02 3.224099999999999883e-02 3.747700000000000337e-02 3.229000000000000099e-03 7.349999999999999763e-03 9.931000000000000591e-03 2.245000000000000120e-02 2.146999999999999950e-02 2.265299999999999953e-02 2.616999999999999882e-02 3.016399999999999984e-02 3.765000000000000291e-02 8.086699999999999444e-02 4.629500000000000282e-02 1.860099999999999948e-02 2.195599999999999982e-02 2.443299999999999986e-02 2.641200000000000145e-02 2.752800000000000039e-02 2.910599999999999993e-02 3.038400000000000128e-02 3.280600000000000183e-02
1.252099999999999914e-02 1.242099999999999975e-02 1.842200000000000087e-02 2.021799999999999986e-02 2.114299999999999860e-02 2.227399999999999866e-02 2.742699999999999999e-02 2.972599999999999895e-02 2.873600000000000113e-02 3.305099999999999705e-02 3.763099999999999778e-02 2.948000000000000100e-03 7.926000000000000753e-03 9.730000000000000801e-03 1.878700000000000161e-02 1.796100000000000127e-02 2.349700000000000052e-02 2.694200000000000067e-02 3.468000000000000249e-02 3.539699999999999791e-02 4.629500000000000282e-02 7.522500000000000020e-02 1.910699999999999898e-02 2.175200000000000050e-02 2.479100000000000054e-02 2.718699999999999936e-02 2.812699999999999922e-02 3.053300000000000111e-02 3.203299999999999897e-02 3.468299999999999855e-02
4.013599999999999807e-02 3.556800000000000239e-02 3.228899999999999826e-02 3.069600000000000106e-02 2.902499999999999872e-02 2.660200000000000065e-02 2.411200000000000149e-02 2.245499999999999927e-02 2.077700000000000033e-02 2.037100000000000022e-02 1.768499999999999933e-02 9.906999999999999140e-03 1.423899999999999992e-02 1.609599999999999920e-02 1.916299999999999948e-02 1.925100000000000075e-02 2.177899999999999975e-02 2.108799999999999911e-02 2.080800000000000011e-02 1.930600000000000024e-02 1.860099999999999948e-02 1.910699999999999898e-02 3.487699999999999828e-02 2.976799999999999932e-02 2.533900000000000041e-02 2.298899999999999902e-02 2.083700000000000135e-02 2.093400000000000122e-02 1.993699999999999986e-02 1.994699999999999945e-02
3.526699999999999974e-02 3.270699999999999996e-02 3.102299999999999849e-02 3.079799999999999899e-02 2.995700000000000099e-02 2.858199999999999977e-02 2.714899999999999952e-02 2.645899999999999988e-02 2.542200000000000015e-02 2.499799999999999939e-02 2.247100000000000139e-02 9.341000000000000345e-03 1.334199999999999969e-02 1.589899999999999994e-02 1.864199999999999885e-02 1.939899999999999958e-02 2.209399999999999906e-02 2.223800000000000082e-02 2.225999999999999854e-02 2.125399999999999859e-02 2.195599999999999982e-02 2.175200000000000050e-02 2.976799999999999932e-02 2.877599999999999950e-02 2.679300000000000084e-02 2.601499999999999993e-02 2.504500000000000129e-02 2.509899999999999978e-02 2.432700000000000140e-02 2.450300000000000047e-02
2.534300000000000094e-02 2.604899999999999924e-02 2.718299999999999883e-02 2.728600000000000123e-02 2.801700000000000024e-02 2.856399999999999911e-02 2.946299999999999961e-02 3.029300000000000048e-02 3.048999999999999974e-02 3.041299999999999906e-02 2.970599999999999977e-02 7.703999999999999911e-03 1.085500000000000007e-02 1.339500000000000066e-02 1.778800000000000173e-02 1.858500000000000082e-02 2.127499999999999877e-02 2.222999999999999976e-02 2.306800000000000170e-02 2.360699999999999951e-02 2.443299999999999986e-02 2.479100000000000054e-02 2.533900000000000041e-02 2.679300000000000084e-02 2.793999999999999956e-02 2.891799999999999926e-02 2.956699999999999953e-02 2.984699999999999853e-02 2.995000000000000093e-02 3.059500000000000067e-02
1.946200000000000013e-02 2.219899999999999998e-02 2.508700000000000166e-02 2.558900000000000063e-02 2.717299999999999924e-02 2.888299999999999895e-02 3.150300000000000322e-02 3.373400000000000010e-02 3.475700000000000317e-02 3.517399999999999693e-02 3.596799999999999997e-02 6.631999999999999874e-03 9.442000000000000740e-03 1.188499999999999973e-02 1.760300000000000059e-02 1.839899999999999869e-02 2.135899999999999951e-02 2.240899999999999836e-02 2.398300000000000085e-02 2.549399999999999930e-02 2.641200000000000145e-02 2.718699999999999936e-02 2.298899999999999902e-02 2.601499999999999993e-02 2.891799999999999926e-02 3.155600000000000072e-02 3.327800000000000202e-02 3.404999999999999694e-02 3.499499999999999833e-02 3.591599999999999654e-02
1.429700000000000068e-02 1.882100000000000092e-02 2.306400000000000117e-02 2.395100000000000007e-02 2.642900000000000110e-02 2.927400000000000141e-02 3.276500000000000246e-02 3.613999999999999851e-02 3.924799999999999817e-02 4.062600000000000239e-02 4.308000000000000024e-02 5.107999999999999693e-03 7.771000000000000130e-03 1.070300000000000071e-02 1.637699999999999920e-02 1.829499999999999876e-02 2.123399999999999940e-02 2.291100000000000081e-02 2.487500000000000128e-02 2.619499999999999953e-02 2.752800000000000039e-02 2.812699999999999922e-02 2.083700000000000135e-02 2.504500000000000129e-02 2.956699999999999953e-02 3.327800000000000202e-02 3.760700000000000154e-02 3.906199999999999950e-02 4.107100000000000334e-02 4.218600000000000128e-02
1.134100000000000039e-02 1.684499999999999886e-02 2.237799999999999859e-02 2.233900000000000122e-02 2.537000000000000019e-02 2.855200000000000099e-02 3.389699999999999658e-02 3.810199999999999698e-02 4.110400000000000165e-02 4.538799999999999779e-02 5.176800000000000151e-02 3.851999999999999955e-03 6.059000000000000150e-03 8.658000000000000765e-03 1.711899999999999880e-02 1.906499999999999861e-02 2.164900000000000158e-02 2.244200000000000014e-02 2.634600000000000136e-02 2.795900000000000121e-02 2.910599999999999993e-02 3.053300000000000111e-02 2.093400000000000122e-02 2.509899999999999978e-02 2.984699999999999853e-02 3.404999999999999694e-02 3.906199999999999950e-02 4.405200000000000088e-02 4.749199999999999949e-02 4.882199999999999734e-02
6.631999999999999874e-03 1.266600000000000018e-02 2.060299999999999979e-02 1.958899999999999877e-02 2.376199999999999840e-02 2.709200000000000150e-02 3.500199999999999839e-02 3.988499999999999684e-02 4.377799999999999747e-02 4.955500000000000183e-02 6.021399999999999669e-02 1.332999999999999984e-03 3.269000000000000204e-03 5.181999999999999974e-03 1.712199999999999833e-02 1.980399999999999869e-02 2.250800000000000023e-02 2.218200000000000033e-02 2.743900000000000158e-02 3.015999999999999931e-02 3.038400000000000128e-02 3.203299999999999897e-02 1.993699999999999986e-02 2.432700000000000140e-02 2.995000000000000093e-02 3.499499999999999833e-02 4.107100000000000334e-02 4.749199999999999949e-02 5.533400000000000124e-02 5.655799999999999716e-02
4.458000000000000157e-03 1.042299999999999997e-02 1.915700000000000042e-02 1.755599999999999869e-02 2.255899999999999919e-02 2.698800000000000157e-02 3.560800000000000076e-02 4.096400000000000041e-02 4.466599999999999737e-02 5.060400000000000315e-02 6.296200000000000407e-02 8.829999999999999958e-04 2.325999999999999943e-03 5.373000000000000172e-03 1.726199999999999957e-02 2.036599999999999869e-02 2.284699999999999925e-02 2.366599999999999954e-02 2.980999999999999969e-02 3.196100000000000330e-02 3.280600000000000183e-02 3.468299999999999855e-02 1.994699999999999945e-02 2.450300000000000047e-02 3.059500000000000067e-02 3.591599999999999654e-02 4.218600000000000128e-02 4.882199999999999734e-02 5.655799999999999716e-02 6.475400000000000600e-02
