  0.155611    0.119896    0.097464    0.072333    0.046697    0.039777    0.040733    0.025569    0.004822   -0.000192   -0.001622    0.028514    0.020577    0.034068    0.026836    0.035497    0.031021    0.034919    0.006191    0.030292    0.012066    0.031747    0.048428    0.042427    0.033286    0.026241    0.015874    0.012828    0.009226    0.009307    0.068856    0.057445    0.045292    0.046480    0.040507    0.033896    0.018223    0.010865    0.012133    0.002959   -0.017646    0.015851    0.027651    0.036608    0.011625    0.023059    0.024070    0.027964    0.020961    0.009915    0.016113    0.011825    0.028667    0.027136    0.021263    0.016445    0.011929    0.002783   -0.007107   -0.010907  
  0.119896    0.131021    0.092215    0.066317    0.042359    0.034961    0.038542    0.026101    0.004147   -0.001923   -0.017523    0.027654    0.014817    0.024771    0.023920    0.034564    0.031981    0.032129    0.006193    0.028979    0.009995    0.032430    0.041016    0.037681    0.029312    0.023847    0.015794    0.012878    0.005295    0.003876    0.070065    0.059089    0.040950    0.048497    0.042303    0.037559    0.016949    0.009215    0.013013    0.003792   -0.021435    0.013591    0.029709    0.038770    0.008829    0.024533    0.027963    0.026520    0.023484    0.002956    0.015345    0.008446    0.026203    0.026041    0.020504    0.016510    0.012874    0.003492   -0.005442   -0.009380  
  0.097464    0.092215    0.082236    0.058435    0.040527    0.035133    0.035859    0.026118    0.010501    0.008071   -0.004175    0.021804    0.014555    0.023080    0.019396    0.031325    0.027326    0.029933    0.010133    0.028286    0.016999    0.030388    0.037737    0.035774    0.029278    0.025223    0.019489    0.016805    0.011361    0.009662    0.056653    0.051508    0.039730    0.042996    0.038622    0.035257    0.020746    0.013979    0.015763    0.009596   -0.008995    0.013651    0.022454    0.029869    0.013769    0.022307    0.027090    0.026304    0.021952    0.012467    0.015228    0.014437    0.026911    0.026589    0.022558    0.019340    0.016484    0.009803    0.002865    0.000170  
  0.072333    0.066317    0.058435    0.057221    0.037269    0.033458    0.032938    0.026016    0.017393    0.013772    0.007124    0.014527    0.013935    0.019864    0.021081    0.022889    0.023951    0.025617    0.016550    0.024773    0.016899    0.023640    0.032269    0.031885    0.027943    0.025309    0.021666    0.019369    0.015867    0.014490    0.044277    0.040539    0.033196    0.035688    0.031859    0.030313    0.021087    0.018513    0.017920    0.014081    0.003067    0.012160    0.016559    0.024618    0.015036    0.021338    0.024069    0.024258    0.020480    0.012070    0.015551    0.016221    0.024096    0.024748    0.022430    0.020634    0.018739    0.015125    0.010237    0.008504  
  0.046697    0.042359    0.040527    0.037269    0.038169    0.031157    0.029878    0.026842    0.024772    0.021938    0.023216    0.008119    0.011880    0.016808    0.016763    0.019561    0.019836    0.025021    0.024696    0.022775    0.026391    0.020935    0.027576    0.028388    0.027721    0.026774    0.024872    0.024024    0.023912    0.022926    0.029273    0.028756    0.029635    0.028058    0.027025    0.026501    0.025100    0.024769    0.023329    0.021828    0.019028    0.005311    0.011362    0.015176    0.018594    0.019158    0.023973    0.021622    0.023984    0.021140    0.020093    0.019680    0.022735    0.023667    0.023288    0.023194    0.022237    0.021045    0.019903    0.019260  
  0.039777    0.034961    0.035133    0.033458    0.031157    0.035879    0.031228    0.029531    0.026410    0.025110    0.026824    0.007044    0.012190    0.016209    0.019023    0.019859    0.020946    0.025567    0.025145    0.025833    0.026691    0.023231    0.025720    0.027428    0.027802    0.027989    0.027053    0.026715    0.027056    0.026688    0.026604    0.026300    0.025833    0.027181    0.026707    0.027064    0.025908    0.026757    0.026699    0.025617    0.022940    0.004846    0.010062    0.015404    0.017309    0.020144    0.024701    0.024126    0.025899    0.022181    0.021383    0.023057    0.021559    0.023281    0.023752    0.024222    0.023819    0.023623    0.022855    0.023525  
  0.040733    0.038542    0.035859    0.032938    0.029878    0.031228    0.035831    0.031728    0.029306    0.029431    0.028543    0.006222    0.007833    0.013394    0.015762    0.020866    0.023668    0.028319    0.021535    0.028741    0.026329    0.026538    0.024713    0.027133    0.027858    0.028868    0.028918    0.029692    0.029820    0.029568    0.026701    0.027974    0.026457    0.027775    0.028661    0.028772    0.026839    0.027155    0.028047    0.027815    0.025585    0.004627    0.011932    0.016073    0.014565    0.021537    0.023603    0.024813    0.026219    0.022749    0.024251    0.024124    0.021328    0.023517    0.024194    0.024950    0.025164    0.025148    0.024937    0.025861  
  0.025569    0.026101    0.026118    0.026016    0.026842    0.029531    0.031728    0.038800    0.033551    0.037180    0.038414    0.001084    0.006548    0.010164    0.016090    0.019177    0.019317    0.025609    0.022292    0.027149    0.028306    0.024484    0.021601    0.024959    0.027456    0.030009    0.032235    0.034066    0.035107    0.034927    0.020758    0.023614    0.025038    0.025320    0.027583    0.028359    0.028921    0.031650    0.031603    0.032039    0.033799    0.002844    0.009674    0.013961    0.016460    0.023399    0.025307    0.022178    0.027493    0.024794    0.025986    0.023002    0.020624    0.023527    0.025119    0.026866    0.027897    0.029330    0.031136    0.032641  
  0.004822    0.004147    0.010501    0.017393    0.024772    0.026410    0.029306    0.033551    0.051332    0.049515    0.056511   -0.003087    0.005818    0.008547    0.013984    0.014048    0.020871    0.024632    0.029308    0.033190    0.032351    0.020720    0.017253    0.022280    0.027487    0.031930    0.037195    0.040765    0.044454    0.044858    0.010212    0.012869    0.021766    0.019339    0.023293    0.024941    0.032119    0.035396    0.035265    0.039551    0.047490    0.000834    0.003993    0.006346    0.018539    0.020838    0.022015    0.023089    0.026576    0.031052    0.032123    0.033539    0.019280    0.023000    0.026494    0.029594    0.031363    0.035260    0.039650    0.042490  
 -0.000192   -0.001923    0.008071    0.013772    0.021938    0.025110    0.029431    0.037180    0.049515    0.066201    0.065949   -0.001980    0.008474    0.007267    0.014999    0.013884    0.019837    0.024389    0.026482    0.027349    0.030283    0.023863    0.017238    0.022600    0.028587    0.034150    0.040830    0.046583    0.052099    0.053303    0.007249    0.013339    0.021216    0.020870    0.024582    0.027085    0.033150    0.036589    0.037604    0.041369    0.049572    0.001119    0.001819    0.006052    0.017159    0.021493    0.023480    0.023136    0.027460    0.033513    0.034406    0.032855    0.018776    0.023212    0.026992    0.030133    0.031962    0.036061    0.040705    0.044175  
 -0.001622   -0.017523   -0.004175    0.007124    0.023216    0.026824    0.028543    0.038414    0.056511    0.065949    0.103104   -0.008727    0.008041    0.011801    0.018804    0.010888    0.021613    0.023836    0.035472    0.033795    0.036726    0.021525    0.018534    0.022647    0.031028    0.037797    0.044331    0.052875    0.065193    0.068242   -0.008064   -0.001857    0.016570    0.011159    0.017033    0.020260    0.035191    0.041744    0.040013    0.043417    0.060876   -0.004280   -0.002491   -0.000970    0.024255    0.021798    0.017965    0.021098    0.029594    0.039099    0.037493    0.038517    0.017033    0.021493    0.026775    0.030866    0.031489    0.036542    0.042506    0.047130  
  0.028514    0.027654    0.021804    0.014527    0.008119    0.007044    0.006222    0.001084   -0.003087   -0.001980   -0.008727    0.023739    0.012023    0.012040    0.008527    0.010482    0.002844    0.001095   -0.004235   -0.004652   -0.004766    0.004547    0.012736    0.010894    0.008587    0.007211    0.004864    0.003069    0.000617    0.000862    0.017691    0.015618    0.009154    0.011774    0.010116    0.008372    0.002990   -0.000452    0.000137   -0.004622   -0.012299    0.013585    0.009966    0.011012    0.001676   -0.000636    0.003042    0.006897   -0.001616    0.002868    0.000681    0.001360    0.007506    0.007343    0.006084    0.004949    0.002577   -0.000956   -0.005413   -0.006876  
  0.020577    0.014817    0.014555    0.013935    0.011880    0.012190    0.007833    0.006548    0.005818    0.008474    0.008041    0.012023    0.019107    0.011402    0.014160    0.009280    0.006791    0.004861    0.007895   -0.001708    0.007234    0.001273    0.012795    0.011985    0.011195    0.010048    0.008517    0.007499    0.008538    0.008720    0.013228    0.011989    0.011115    0.011058    0.010260    0.009961    0.008282    0.006536    0.004685    0.002288    0.000145    0.007183    0.005195    0.004424    0.008506    0.004931    0.009696    0.007136    0.005817    0.005638    0.005796    0.006825    0.009045    0.008869    0.008418    0.007999    0.006285    0.004678    0.002988    0.002594  
  0.034068    0.024771    0.023080    0.019864    0.016808    0.016209    0.013394    0.010164    0.008547    0.007267    0.011801    0.012040    0.011402    0.022474    0.011408    0.013396    0.010392    0.009581    0.008543    0.010677    0.007150    0.012338    0.016279    0.015617    0.014262    0.013353    0.011703    0.010764    0.010870    0.012564    0.015670    0.017234    0.015933    0.013340    0.012989    0.013459    0.010274    0.009311    0.010362    0.006935    0.004143    0.007275    0.008214    0.011081    0.005020    0.006321    0.009277    0.012481    0.009949    0.007209    0.005224    0.008641    0.011208    0.011327    0.010988    0.010719    0.009608    0.008358    0.006638    0.006482  
  0.026836    0.023920    0.019396    0.021081    0.016763    0.019023    0.015762    0.016090    0.013984    0.014999    0.018804    0.008527    0.014160    0.011408    0.029790    0.012208    0.013682    0.015579    0.013884    0.014129    0.015175    0.014628    0.018307    0.017767    0.017551    0.017040    0.015494    0.015132    0.016803    0.018098    0.017173    0.014344    0.015280    0.015067    0.015810    0.014247    0.014120    0.015060    0.015351    0.011588    0.013384    0.005273    0.006004    0.008440    0.015980    0.013424    0.016404    0.018663    0.015315    0.014663    0.013358    0.012522    0.013416    0.014131    0.013845    0.013888    0.013063    0.012293    0.011662    0.010872  
  0.035497    0.034564    0.031325    0.022889    0.019561    0.019859    0.020866    0.019177    0.014048    0.013884    0.010888    0.010482    0.009280    0.013396    0.012208    0.029328    0.012562    0.018677    0.012265    0.019451    0.020138    0.020846    0.019885    0.019621    0.018097    0.017475    0.016433    0.016088    0.014799    0.014048    0.023149    0.022342    0.017339    0.019605    0.019834    0.019150    0.015830    0.013808    0.014510    0.011009    0.008418    0.004888    0.009530    0.013780    0.009482    0.014165    0.015652    0.017544    0.017091    0.014747    0.014082    0.015538    0.014812    0.015520    0.014917    0.014540    0.013897    0.012597    0.010304    0.011723  
  0.031021    0.031981    0.027326    0.023951    0.019836    0.020946    0.023668    0.019317    0.020871    0.019837    0.021613    0.002844    0.006791    0.010392    0.013682    0.012562    0.030825    0.024308    0.019587    0.022463    0.020769    0.022373    0.017467    0.019028    0.019141    0.019428    0.019032    0.019635    0.019653    0.019629    0.021296    0.019740    0.017671    0.020190    0.021484    0.020560    0.018442    0.017543    0.019957    0.021135    0.017313    0.002682    0.006422    0.012173    0.013730    0.019052    0.020203    0.022510    0.019593    0.018429    0.020487    0.020621    0.015045    0.016239    0.016540    0.016808    0.017082    0.016520    0.016743    0.017013  
  0.034919    0.032129    0.029933    0.025617    0.025021    0.025567    0.028319    0.025609    0.024632    0.024389    0.023836    0.001095    0.004861    0.009581    0.015579    0.018677    0.024308    0.040145    0.026583    0.029128    0.027586    0.030703    0.020731    0.022044    0.022164    0.022100    0.022091    0.022420    0.022040    0.021908    0.021416    0.022595    0.020830    0.021545    0.023503    0.024278    0.022068    0.021939    0.024057    0.023083    0.023290    0.001757    0.007691    0.015249    0.013611    0.022980    0.021865    0.023899    0.022680    0.025885    0.025642    0.019951    0.018348    0.019322    0.019486    0.019660    0.019963    0.020107    0.019318    0.020504  
  0.006191    0.006193    0.010133    0.016550    0.024696    0.025145    0.021535    0.022292    0.029308    0.026482    0.035472   -0.004235    0.007895    0.008543    0.013884    0.012265    0.019587    0.026583    0.040904    0.021985    0.034187    0.019638    0.017424    0.018441    0.021077    0.021867    0.022714    0.024190    0.027001    0.027652    0.006972    0.009463    0.014634    0.012437    0.014668    0.017072    0.021521    0.024581    0.022198    0.025554    0.031424   -0.002513   -0.000170    0.004086    0.019964    0.016474    0.023555    0.021672    0.021741    0.027616    0.023523    0.022673    0.015970    0.016562    0.018109    0.019730    0.020073    0.022337    0.025307    0.026660  
  0.030292    0.028979    0.028286    0.024773    0.022775    0.025833    0.028741    0.027149    0.033190    0.027349    0.033795   -0.004652   -0.001708    0.010677    0.014129    0.019451    0.022463    0.029128    0.021985    0.060276    0.038142    0.040176    0.019207    0.020948    0.021610    0.022617    0.022935    0.024506    0.025120    0.026342    0.021417    0.017484    0.021319    0.018214    0.022763    0.020962    0.022930    0.024205    0.027533    0.028896    0.034081   -0.004780    0.008278    0.012116    0.017502    0.027041    0.023559    0.026305    0.027613    0.028091    0.026770    0.028635    0.017337    0.018478    0.019461    0.020615    0.020990    0.022542    0.024769    0.025274  
  0.012066    0.009995    0.016999    0.016899    0.026391    0.026691    0.026329    0.028306    0.032351    0.030283    0.036726   -0.004766    0.007234    0.007150    0.015175    0.020138    0.020769    0.027586    0.034187    0.038142    0.059969    0.032470    0.017614    0.019325    0.021798    0.023391    0.024901    0.025681    0.028843    0.028291    0.012659    0.014428    0.018496    0.016268    0.018313    0.020135    0.026273    0.027554    0.027019    0.029465    0.035394   -0.007923    0.006232    0.003296    0.022072    0.020711    0.028711    0.029111    0.031760    0.033983    0.020504    0.028150    0.019006    0.019362    0.020699    0.022407    0.022657    0.025218    0.029049    0.032612  
  0.031747    0.032430    0.030388    0.023640    0.020935    0.023231    0.026538    0.024484    0.020720    0.023863    0.021525    0.004547    0.001273    0.012338    0.014628    0.020846    0.022373    0.030703    0.019638    0.040176    0.032470    0.056015    0.021283    0.021240    0.021032    0.021697    0.022172    0.022542    0.021163    0.022781    0.025245    0.022420    0.020760    0.021224    0.021572    0.021400    0.017902    0.018138    0.023719    0.019364    0.019827   -0.000054    0.009209    0.016632    0.013911    0.024937    0.025758    0.033768    0.028555    0.029539    0.027830    0.025262    0.019159    0.019345    0.019182    0.019245    0.019524    0.018995    0.019717    0.022001  
  0.048428    0.041016    0.037737    0.032269    0.027576    0.025720    0.024713    0.021601    0.017253    0.017238    0.018534    0.012736    0.012795    0.016279    0.018307    0.019885    0.017467    0.020731    0.017424    0.019207    0.017614    0.021283    0.034183    0.028009    0.024910    0.023140    0.020583    0.020239    0.020370    0.021521    0.026577    0.024657    0.023118    0.022921    0.021915    0.021136    0.018393    0.017275    0.016582    0.014193    0.010630    0.009285    0.011998    0.014350    0.014530    0.014648    0.017643    0.017963    0.017130    0.015672    0.018200    0.018532    0.025244    0.022359    0.020229    0.018772    0.016889    0.014640    0.012391    0.012412  
  0.042427    0.037681    0.035774    0.031885    0.028388    0.027428    0.027133    0.024959    0.022280    0.022600    0.022647    0.010894    0.011985    0.015617    0.017767    0.019621    0.019028    0.022044    0.018441    0.020948    0.019325    0.021240    0.028009    0.028060    0.027131    0.026623    0.025357    0.025017    0.024660    0.024877    0.026583    0.025913    0.025074    0.025432    0.025043    0.024597    0.022629    0.022080    0.021869    0.020324    0.017294    0.008620    0.011863    0.014809    0.015514    0.016386    0.019637    0.020228    0.019836    0.018408    0.021189    0.021342    0.021342    0.022404    0.022282    0.022283    0.021661    0.020530    0.019106    0.019142  
  0.033286    0.029312    0.029278    0.027943    0.027721    0.027802    0.027858    0.027456    0.027487    0.028587    0.031028    0.008587    0.011195    0.014262    0.017551    0.018097    0.019141    0.022164    0.021077    0.021610    0.021798    0.021032    0.024910    0.027131    0.028333    0.029128    0.029198    0.029762    0.030484    0.030834    0.022043    0.022694    0.023916    0.024130    0.024647    0.024973    0.025394    0.025968    0.025721    0.025003    0.024771    0.007372    0.010339    0.012977    0.016622    0.016665    0.020088    0.020890    0.021525    0.022046    0.024325    0.024537    0.019780    0.022352    0.023636    0.024729    0.024746    0.024767    0.024605    0.025189  
  0.026241    0.023847    0.025223    0.025309    0.026774    0.027989    0.028868    0.030009    0.031930    0.034150    0.037797    0.007211    0.010048    0.013353    0.017040    0.017475    0.019428    0.022100    0.021867    0.022617    0.023391    0.021697    0.023140    0.026623    0.029128    0.031441    0.033069    0.034467    0.035723    0.036202    0.020125    0.021433    0.023765    0.024284    0.025360    0.026181    0.027743    0.029014    0.028972    0.029235    0.030066    0.006885    0.010231    0.012604    0.017346    0.017540    0.020612    0.021785    0.023369    0.024527    0.026388    0.027339    0.019809    0.023180    0.025265    0.027058    0.027600    0.028464    0.029218    0.030708  
  0.015874    0.015794    0.019489    0.021666    0.024872    0.027053    0.028918    0.032235    0.037195    0.040830    0.044331    0.004864    0.008517    0.011703    0.015494    0.016433    0.019032    0.022091    0.022714    0.022935    0.024901    0.022172    0.020583    0.025357    0.029198    0.033069    0.037339    0.039746    0.041260    0.041522    0.018101    0.020459    0.023852    0.024337    0.026262    0.027571    0.029953    0.031893    0.032211    0.032825    0.035047    0.006361    0.009162    0.012013    0.017782    0.017980    0.021281    0.022343    0.024846    0.027123    0.028447    0.029540    0.020180    0.024162    0.026917    0.029336    0.030567    0.032337    0.034209    0.036884  
  0.012828    0.012878    0.016805    0.019369    0.024024    0.026715    0.029692    0.034066    0.040765    0.046583    0.052875    0.003069    0.007499    0.010764    0.015132    0.016088    0.019635    0.022420    0.024190    0.024506    0.025681    0.022542    0.020239    0.025017    0.029762    0.034467    0.039746    0.044045    0.046985    0.047877    0.015178    0.018347    0.022747    0.023257    0.025799    0.027743    0.031184    0.033356    0.033621    0.034469    0.038011    0.005251    0.008147    0.010880    0.017544    0.018841    0.021330    0.022133    0.025826    0.028889    0.030245    0.031298    0.019844    0.024157    0.027318    0.030001    0.031203    0.033311    0.035922    0.039287  
  0.009226    0.005295    0.011361    0.015867    0.023912    0.027056    0.029820    0.035107    0.044454    0.052099    0.065193    0.000617    0.008538    0.010870    0.016803    0.014799    0.019653    0.022040    0.027001    0.025120    0.028843    0.021163    0.020370    0.024660    0.030484    0.035723    0.041260    0.046985    0.053522    0.055151    0.008371    0.013143    0.020223    0.019548    0.023306    0.025565    0.031917    0.034990    0.034516    0.035615    0.042748    0.002816    0.004576    0.006777    0.018638    0.018529    0.020443    0.021106    0.027266    0.031993    0.031986    0.033678    0.018581    0.023016    0.026902    0.029999    0.030891    0.033598    0.037420    0.041663  
  0.009307    0.003876    0.009662    0.014490    0.022926    0.026688    0.029568    0.034927    0.044858    0.053303    0.068242    0.000862    0.008720    0.012564    0.018098    0.014048    0.019629    0.021908    0.027652    0.026342    0.028291    0.022781    0.021521    0.024877    0.030834    0.036202    0.041522    0.047877    0.055151    0.058730    0.007494    0.011380    0.019390    0.017877    0.021935    0.024453    0.031473    0.034803    0.034542    0.035626    0.043930    0.002501    0.004524    0.005994    0.017877    0.018094    0.019688    0.021688    0.026508    0.031750    0.032890    0.035050    0.019025    0.022993    0.026873    0.030015    0.030798    0.033676    0.038184    0.042710  
  0.068856    0.070065    0.056653    0.044277    0.029273    0.026604    0.026701    0.020758    0.010212    0.007249   -0.008064    0.017691    0.013228    0.015670    0.017173    0.023149    0.021296    0.021416    0.006972    0.021417    0.012659    0.025245    0.026577    0.026583    0.022043    0.020125    0.018101    0.015178    0.008371    0.007494    0.096785    0.070936    0.051384    0.053318    0.046740    0.037201    0.022136    0.015213    0.012085    0.009138   -0.007606    0.018479    0.028057    0.032477    0.022186    0.027039    0.029500    0.027788    0.021887    0.013896    0.015652    0.012521    0.040136    0.035267    0.025343    0.019462    0.014297    0.011341    0.006632    0.004458  
  0.057445    0.059089    0.051508    0.040539    0.028756    0.026300    0.027974    0.023614    0.012869    0.013339   -0.001857    0.015618    0.011989    0.017234    0.014344    0.022342    0.019740    0.022595    0.009463    0.017484    0.014428    0.022420    0.024657    0.025913    0.022694    0.021433    0.020459    0.018347    0.013143    0.011380    0.070936    0.066826    0.047007    0.046862    0.043644    0.037612    0.024722    0.019213    0.017473    0.013477    0.001140    0.014957    0.024392    0.027811    0.020646    0.023945    0.027345    0.024894    0.020705    0.016064    0.014720    0.012421    0.035568    0.032707    0.026049    0.022199    0.018821    0.016845    0.012666    0.010423  
  0.045292    0.040950    0.039730    0.033196    0.029635    0.025833    0.026457    0.025038    0.021766    0.021216    0.016570    0.009154    0.011115    0.015933    0.015280    0.017339    0.017671    0.020830    0.014634    0.021319    0.018496    0.020760    0.023118    0.025074    0.023916    0.023765    0.023852    0.022747    0.020223    0.019390    0.051384    0.047007    0.043901    0.039100    0.037222    0.033234    0.026997    0.024393    0.023069    0.021380    0.015698    0.011039    0.018123    0.021727    0.020946    0.022572    0.026220    0.024063    0.024513    0.020826    0.021188    0.018422    0.032289    0.031023    0.027183    0.025087    0.023064    0.022378    0.020603    0.019157  
  0.046480    0.048497    0.042996    0.035688    0.028058    0.027181    0.027775    0.025320    0.019339    0.020870    0.011159    0.011774    0.011058    0.013340    0.015067    0.019605    0.020190    0.021545    0.012437    0.018214    0.016268    0.021224    0.022921    0.025432    0.024130    0.024284    0.024337    0.023257    0.019548    0.017877    0.053318    0.046862    0.039100    0.047582    0.039688    0.035534    0.027438    0.025112    0.024472    0.022398    0.010898    0.012341    0.017981    0.022511    0.017669    0.023231    0.026268    0.025379    0.027715    0.016896    0.019583    0.020218    0.030696    0.030798    0.027286    0.025589    0.023951    0.022339    0.019589    0.017556  
  0.040507    0.042303    0.038622    0.031859    0.027025    0.026707    0.028661    0.027583    0.023293    0.024582    0.017033    0.010116    0.010260    0.012989    0.015810    0.019834    0.021484    0.023503    0.014668    0.022763    0.018313    0.021572    0.021915    0.025043    0.024647    0.025360    0.026262    0.025799    0.023306    0.021935    0.046740    0.043644    0.037222    0.039688    0.040127    0.035822    0.029446    0.027779    0.027759    0.026052    0.019390    0.009716    0.015855    0.020985    0.017921    0.023726    0.026580    0.024995    0.025079    0.021680    0.022863    0.021143    0.029025    0.029957    0.028017    0.027173    0.026429    0.025370    0.023762    0.022559  
  0.033896    0.037559    0.035257    0.030313    0.026501    0.027064    0.028772    0.028359    0.024941    0.027085    0.020260    0.008372    0.009961    0.013459    0.014247    0.019150    0.020560    0.024278    0.017072    0.020962    0.020135    0.021400    0.021136    0.024597    0.024973    0.026181    0.027571    0.027743    0.025565    0.024453    0.037201    0.037612    0.033234    0.035534    0.035822    0.037023    0.030544    0.030442    0.031411    0.029643    0.024016    0.008765    0.014226    0.019409    0.016092    0.022922    0.026119    0.024477    0.025985    0.022651    0.022977    0.022274    0.026602    0.028582    0.028564    0.028883    0.029274    0.028552    0.027092    0.026988  
  0.018223    0.016949    0.020746    0.021087    0.025100    0.025908    0.026839    0.028921    0.032119    0.033150    0.035191    0.002990    0.008282    0.010274    0.014120    0.015830    0.018442    0.022068    0.021521    0.022930    0.026273    0.017902    0.018393    0.022629    0.025394    0.027743    0.029953    0.031184    0.031917    0.031473    0.022136    0.024722    0.026997    0.027438    0.029446    0.030544    0.035338    0.035656    0.036511    0.035841    0.038562    0.005342    0.009889    0.011422    0.019531    0.020982    0.022912    0.023082    0.026288    0.027615    0.026631    0.027427    0.024112    0.027149    0.029463    0.031503    0.032765    0.033897    0.035002    0.035608  
  0.010865    0.009215    0.013979    0.018513    0.024769    0.026757    0.027155    0.031650    0.035396    0.036589    0.041744   -0.000452    0.006536    0.009311    0.015060    0.013808    0.017543    0.021939    0.024581    0.024205    0.027554    0.018138    0.017275    0.022080    0.025968    0.029014    0.031893    0.033356    0.034990    0.034803    0.015213    0.019213    0.024393    0.025112    0.027779    0.030442    0.035656    0.041808    0.040583    0.041967    0.046577    0.003131    0.007180    0.009955    0.019487    0.021241    0.023377    0.023212    0.027736    0.029174    0.029743    0.029726    0.022455    0.026459    0.030293    0.033734    0.036140    0.038102    0.039885    0.040964  
  0.012133    0.013013    0.015763    0.017920    0.023329    0.026699    0.028047    0.031603    0.035265    0.037604    0.040013    0.000137    0.004685    0.010362    0.015351    0.014510    0.019957    0.024057    0.022198    0.027533    0.027019    0.023719    0.016582    0.021869    0.025721    0.028972    0.032211    0.033621    0.034516    0.034542    0.012085    0.017473    0.023069    0.024472    0.027759    0.031411    0.036511    0.040583    0.048371    0.045302    0.050765    0.001595    0.006107    0.011037    0.018150    0.022306    0.023176    0.025317    0.029607    0.029896    0.030521    0.028736    0.020777    0.025422    0.030490    0.034757    0.039248    0.041104    0.043778    0.044666  
  0.002959    0.003792    0.009596    0.014081    0.021828    0.025617    0.027815    0.032039    0.039551    0.041369    0.043417   -0.004622    0.002288    0.006935    0.011588    0.011009    0.021135    0.023083    0.025554    0.028896    0.029465    0.019364    0.014193    0.020324    0.025003    0.029235    0.032825    0.034469    0.035615    0.035626    0.009138    0.013477    0.021380    0.022398    0.026052    0.029643    0.035841    0.041967    0.045302    0.056135    0.059397    0.001276    0.006916    0.008517    0.018078    0.021239    0.023457    0.023073    0.029870    0.030599    0.032241    0.033051    0.020371    0.024998    0.030413    0.035174    0.040626    0.045388    0.049555    0.050604  
 -0.017646   -0.021435   -0.008995    0.003067    0.019028    0.022940    0.025585    0.033799    0.047490    0.049572    0.060876   -0.012299    0.000145    0.004143    0.013384    0.008418    0.017313    0.023290    0.031424    0.034081    0.035394    0.019827    0.010630    0.017294    0.024771    0.030066    0.035047    0.038011    0.042748    0.043930   -0.007606    0.001140    0.015698    0.010898    0.019390    0.024016    0.038562    0.046577    0.050765    0.059397    0.086367   -0.003877   -0.001692    0.000063    0.020609    0.021639    0.021969    0.021332    0.030384    0.039328    0.037477    0.037631    0.017685    0.022471    0.029706    0.035968    0.043080    0.051768    0.060214    0.062962  
  0.015851    0.013591    0.013651    0.012160    0.005311    0.004846    0.004627    0.002844    0.000834    0.001119   -0.004280    0.013585    0.007183    0.007275    0.005273    0.004888    0.002682    0.001757   -0.002513   -0.004780   -0.007923   -0.000054    0.009285    0.008620    0.007372    0.006885    0.006361    0.005251    0.002816    0.002501    0.018479    0.014957    0.011039    0.012341    0.009716    0.008765    0.005342    0.003131    0.001595    0.001276   -0.003877    0.024771    0.012078    0.010476    0.004667    0.001911    0.003748    0.004566    0.001585    0.002866    0.003229    0.002948    0.009907    0.009341    0.007704    0.006632    0.005108    0.003852    0.001333    0.000883  
  0.027651    0.029709    0.022454    0.016559    0.011362    0.010062    0.011932    0.009674    0.003993    0.001819   -0.002491    0.009966    0.005195    0.008214    0.006004    0.009530    0.006422    0.007691   -0.000170    0.008278    0.006232    0.009209    0.011998    0.011863    0.010339    0.010231    0.009162    0.008147    0.004576    0.004524    0.028057    0.024392    0.018123    0.017981    0.015855    0.014226    0.009889    0.007180    0.006107    0.006916   -0.001692    0.012078    0.035035    0.014850    0.010479    0.005552    0.009657    0.010537    0.010741    0.004065    0.007350    0.007926    0.014239    0.013342    0.010855    0.009442    0.007771    0.006059    0.003269    0.002326  
  0.036608    0.038770    0.029869    0.024618    0.015176    0.015404    0.016073    0.013961    0.006346    0.006052   -0.000970    0.011012    0.004424    0.011081    0.008440    0.013780    0.012173    0.015249    0.004086    0.012116    0.003296    0.016632    0.014350    0.014809    0.012977    0.012604    0.012013    0.010880    0.006777    0.005994    0.032477    0.027811    0.021727    0.022511    0.020985    0.019409    0.011422    0.009955    0.011037    0.008517    0.000063    0.010476    0.014850    0.035024    0.007130    0.015642    0.015330    0.016189    0.012524    0.009559    0.009931    0.009730    0.016096    0.015899    0.013395    0.011885    0.010703    0.008658    0.005182    0.005373  
  0.011625    0.008829    0.013769    0.015036    0.018594    0.017309    0.014565    0.016460    0.018539    0.017159    0.024255    0.001676    0.008506    0.005020    0.015980    0.009482    0.013730    0.013611    0.019964    0.017502    0.022072    0.013911    0.014530    0.015514    0.016622    0.017346    0.017782    0.017544    0.018638    0.017877    0.022186    0.020646    0.020946    0.017669    0.017921    0.016092    0.019531    0.019487    0.018150    0.018078    0.020609    0.004667    0.010479    0.007130    0.048216    0.016573    0.019330    0.019743    0.018487    0.023862    0.022450    0.018787    0.019163    0.018642    0.017788    0.017603    0.016377    0.017119    0.017122    0.017262  
  0.023059    0.024533    0.022307    0.021338    0.019158    0.020144    0.021537    0.023399    0.020838    0.021493    0.021798   -0.000636    0.004931    0.006321    0.013424    0.014165    0.019052    0.022980    0.016474    0.027041    0.020711    0.024937    0.014648    0.016386    0.016665    0.017540    0.017980    0.018841    0.018529    0.018094    0.027039    0.023945    0.022572    0.023231    0.023726    0.022922    0.020982    0.021241    0.022306    0.021239    0.021639    0.001911    0.005552    0.015642    0.016573    0.050317    0.023576    0.022172    0.021769    0.021570    0.021470    0.017961    0.019251    0.019399    0.018585    0.018399    0.018295    0.019065    0.019804    0.020366  
  0.024070    0.027963    0.027090    0.024069    0.023973    0.024701    0.023603    0.025307    0.022015    0.023480    0.017965    0.003042    0.009696    0.009277    0.016404    0.015652    0.020203    0.021865    0.023555    0.023559    0.028711    0.025758    0.017643    0.019637    0.020088    0.020612    0.021281    0.021330    0.020443    0.019688    0.029500    0.027345    0.026220    0.026268    0.026580    0.026119    0.022912    0.023377    0.023176    0.023457    0.021969    0.003748    0.009657    0.015330    0.019330    0.023576    0.059540    0.027283    0.032438    0.024905    0.022653    0.023497    0.021779    0.022094    0.021275    0.021359    0.021234    0.021649    0.022508    0.022847  
  0.027964    0.026520    0.026304    0.024258    0.021622    0.024126    0.024813    0.022178    0.023089    0.023136    0.021098    0.006897    0.007136    0.012481    0.018663    0.017544    0.022510    0.023899    0.021672    0.026305    0.029111    0.033768    0.017963    0.020228    0.020890    0.021785    0.022343    0.022133    0.021106    0.021688    0.027788    0.024894    0.024063    0.025379    0.024995    0.024477    0.023082    0.023212    0.025317    0.023073    0.021332    0.004566    0.010537    0.016189    0.019743    0.022172    0.027283    0.058567    0.030467    0.027991    0.026170    0.026942    0.021088    0.022238    0.022230    0.022409    0.022911    0.022442    0.022182    0.023666  
  0.020961    0.023484    0.021952    0.020480    0.023984    0.025899    0.026219    0.027493    0.026576    0.027460    0.029594   -0.001616    0.005817    0.009949    0.015315    0.017091    0.019593    0.022680    0.021741    0.027613    0.031760    0.028555    0.017130    0.019836    0.021525    0.023369    0.024846    0.025826    0.027266    0.026508    0.021887    0.020705    0.024513    0.027715    0.025079    0.025985    0.026288    0.027736    0.029607    0.029870    0.030384    0.001585    0.010741    0.012524    0.018487    0.021769    0.032438    0.030467    0.067176    0.027638    0.030164    0.034680    0.020808    0.022260    0.023068    0.023983    0.024875    0.026346    0.027439    0.029810  
  0.009915    0.002956    0.012467    0.012070    0.021140    0.022181    0.022749    0.024794    0.031052    0.033513    0.039099    0.002868    0.005638    0.007209    0.014663    0.014747    0.018429    0.025885    0.027616    0.028091    0.033983    0.029539    0.015672    0.018408    0.022046    0.024527    0.027123    0.028889    0.031993    0.031750    0.013896    0.016064    0.020826    0.016896    0.021680    0.022651    0.027615    0.029174    0.029896    0.030599    0.039328    0.002866    0.004065    0.009559    0.023862    0.021570    0.024905    0.027991    0.027638    0.078177    0.037650    0.035397    0.019306    0.021254    0.023607    0.025494    0.026195    0.027959    0.030160    0.031961  
  0.016113    0.015345    0.015228    0.015551    0.020093    0.021383    0.024251    0.025986    0.032123    0.034406    0.037493    0.000681    0.005796    0.005224    0.013358    0.014082    0.020487    0.025642    0.023523    0.026770    0.020504    0.027830    0.018200    0.021189    0.024325    0.026388    0.028447    0.030245    0.031986    0.032890    0.015652    0.014720    0.021188    0.019583    0.022863    0.022977    0.026631    0.029743    0.030521    0.032241    0.037477    0.003229    0.007350    0.009931    0.022450    0.021470    0.022653    0.026170    0.030164    0.037650    0.080867    0.046295    0.018601    0.021956    0.024433    0.026412    0.027528    0.029106    0.030384    0.032806  
  0.011825    0.008446    0.014437    0.016221    0.019680    0.023057    0.024124    0.023002    0.033539    0.032855    0.038517    0.001360    0.006825    0.008641    0.012522    0.015538    0.020621    0.019951    0.022673    0.028635    0.028150    0.025262    0.018532    0.021342    0.024537    0.027339    0.029540    0.031298    0.033678    0.035050    0.012521    0.012421    0.018422    0.020218    0.021143    0.022274    0.027427    0.029726    0.028736    0.033051    0.037631    0.002948    0.007926    0.009730    0.018787    0.017961    0.023497    0.026942    0.034680    0.035397    0.046295    0.075225    0.019107    0.021752    0.024791    0.027187    0.028127    0.030533    0.032033    0.034683  
  0.028667    0.026203    0.026911    0.024096    0.022735    0.021559    0.021328    0.020624    0.019280    0.018776    0.017033    0.007506    0.009045    0.011208    0.013416    0.014812    0.015045    0.018348    0.015970    0.017337    0.019006    0.019159    0.025244    0.021342    0.019780    0.019809    0.020180    0.019844    0.018581    0.019025    0.040136    0.035568    0.032289    0.030696    0.029025    0.026602    0.024112    0.022455    0.020777    0.020371    0.017685    0.009907    0.014239    0.016096    0.019163    0.019251    0.021779    0.021088    0.020808    0.019306    0.018601    0.019107    0.034877    0.029768    0.025339    0.022989    0.020837    0.020934    0.019937    0.019947  
  0.027136    0.026041    0.026589    0.024748    0.023667    0.023281    0.023517    0.023527    0.023000    0.023212    0.021493    0.007343    0.008869    0.011327    0.014131    0.015520    0.016239    0.019322    0.016562    0.018478    0.019362    0.019345    0.022359    0.022404    0.022352    0.023180    0.024162    0.024157    0.023016    0.022993    0.035267    0.032707    0.031023    0.030798    0.029957    0.028582    0.027149    0.026459    0.025422    0.024998    0.022471    0.009341    0.013342    0.015899    0.018642    0.019399    0.022094    0.022238    0.022260    0.021254    0.021956    0.021752    0.029768    0.028776    0.026793    0.026015    0.025045    0.025099    0.024327    0.024503  
  0.021263    0.020504    0.022558    0.022430    0.023288    0.023752    0.024194    0.025119    0.026494    0.026992    0.026775    0.006084    0.008418    0.010988    0.013845    0.014917    0.016540    0.019486    0.018109    0.019461    0.020699    0.019182    0.020229    0.022282    0.023636    0.025265    0.026917    0.027318    0.026902    0.026873    0.025343    0.026049    0.027183    0.027286    0.028017    0.028564    0.029463    0.030293    0.030490    0.030413    0.029706    0.007704    0.010855    0.013395    0.017788    0.018585    0.021275    0.022230    0.023068    0.023607    0.024433    0.024791    0.025339    0.026793    0.027940    0.028918    0.029567    0.029847    0.029950    0.030595  
