# 2D array of fractional covariance matrix for muon-to-electron neutrino mode full transmutation events, predicted neutrino mode electron neutrino background events, and predicted neutrino mode muon neutrino CCQE events (three side-by-side diagonal blocks) per reconstructed neutrino energy bin, including systematic uncertainties for all three samples, and statistical uncertainty for the predicted neutrino mode electron neutrino background and predicted neutrino mode muon neutrino CCQE events
  0.155611    0.119896    0.097464    0.072333    0.046697    0.039777    0.040733    0.025569    0.004822   -0.000192   -0.001622    0.028514    0.020577    0.034068    0.026836    0.035497    0.031021    0.034919    0.006191    0.030292    0.012066    0.031747    0.048428    0.042427    0.033286    0.026241    0.015874    0.012828    0.009226    0.009307  
  0.119896    0.131021    0.092215    0.066317    0.042359    0.034961    0.038542    0.026101    0.004147   -0.001923   -0.017523    0.027654    0.014817    0.024771    0.023920    0.034564    0.031981    0.032129    0.006193    0.028979    0.009995    0.032430    0.041016    0.037681    0.029312    0.023847    0.015794    0.012878    0.005295    0.003876  
  0.097464    0.092215    0.082236    0.058435    0.040527    0.035133    0.035859    0.026118    0.010501    0.008071   -0.004175    0.021804    0.014555    0.023080    0.019396    0.031325    0.027326    0.029933    0.010133    0.028286    0.016999    0.030388    0.037737    0.035774    0.029278    0.025223    0.019489    0.016805    0.011361    0.009662  
  0.072333    0.066317    0.058435    0.057221    0.037269    0.033458    0.032938    0.026016    0.017393    0.013772    0.007124    0.014527    0.013935    0.019864    0.021081    0.022889    0.023951    0.025617    0.016550    0.024773    0.016899    0.023640    0.032269    0.031885    0.027943    0.025309    0.021666    0.019369    0.015867    0.014490  
  0.046697    0.042359    0.040527    0.037269    0.038169    0.031157    0.029878    0.026842    0.024772    0.021938    0.023216    0.008119    0.011880    0.016808    0.016763    0.019561    0.019836    0.025021    0.024696    0.022775    0.026391    0.020935    0.027576    0.028388    0.027721    0.026774    0.024872    0.024024    0.023912    0.022926  
  0.039777    0.034961    0.035133    0.033458    0.031157    0.035879    0.031228    0.029531    0.026410    0.025110    0.026824    0.007044    0.012190    0.016209    0.019023    0.019859    0.020946    0.025567    0.025145    0.025833    0.026691    0.023231    0.025720    0.027428    0.027802    0.027989    0.027053    0.026715    0.027056    0.026688  
  0.040733    0.038542    0.035859    0.032938    0.029878    0.031228    0.035831    0.031728    0.029306    0.029431    0.028543    0.006222    0.007833    0.013394    0.015762    0.020866    0.023668    0.028319    0.021535    0.028741    0.026329    0.026538    0.024713    0.027133    0.027858    0.028868    0.028918    0.029692    0.029820    0.029568  
  0.025569    0.026101    0.026118    0.026016    0.026842    0.029531    0.031728    0.038800    0.033551    0.037180    0.038414    0.001084    0.006548    0.010164    0.016090    0.019177    0.019317    0.025609    0.022292    0.027149    0.028306    0.024484    0.021601    0.024959    0.027456    0.030009    0.032235    0.034066    0.035107    0.034927  
  0.004822    0.004147    0.010501    0.017393    0.024772    0.026410    0.029306    0.033551    0.051332    0.049515    0.056511   -0.003087    0.005818    0.008547    0.013984    0.014048    0.020871    0.024632    0.029308    0.033190    0.032351    0.020720    0.017253    0.022280    0.027487    0.031930    0.037195    0.040765    0.044454    0.044858  
 -0.000192   -0.001923    0.008071    0.013772    0.021938    0.025110    0.029431    0.037180    0.049515    0.066201    0.065949   -0.001980    0.008474    0.007267    0.014999    0.013884    0.019837    0.024389    0.026482    0.027349    0.030283    0.023863    0.017238    0.022600    0.028587    0.034150    0.040830    0.046583    0.052099    0.053303  
 -0.001622   -0.017523   -0.004175    0.007124    0.023216    0.026824    0.028543    0.038414    0.056511    0.065949    0.103104   -0.008727    0.008041    0.011801    0.018804    0.010888    0.021613    0.023836    0.035472    0.033795    0.036726    0.021525    0.018534    0.022647    0.031028    0.037797    0.044331    0.052875    0.065193    0.068242  
  0.028514    0.027654    0.021804    0.014527    0.008119    0.007044    0.006222    0.001084   -0.003087   -0.001980   -0.008727    0.023739    0.012023    0.012040    0.008527    0.010482    0.002844    0.001095   -0.004235   -0.004652   -0.004766    0.004547    0.012736    0.010894    0.008587    0.007211    0.004864    0.003069    0.000617    0.000862  
  0.020577    0.014817    0.014555    0.013935    0.011880    0.012190    0.007833    0.006548    0.005818    0.008474    0.008041    0.012023    0.019107    0.011402    0.014160    0.009280    0.006791    0.004861    0.007895   -0.001708    0.007234    0.001273    0.012795    0.011985    0.011195    0.010048    0.008517    0.007499    0.008538    0.008720  
  0.034068    0.024771    0.023080    0.019864    0.016808    0.016209    0.013394    0.010164    0.008547    0.007267    0.011801    0.012040    0.011402    0.022474    0.011408    0.013396    0.010392    0.009581    0.008543    0.010677    0.007150    0.012338    0.016279    0.015617    0.014262    0.013353    0.011703    0.010764    0.010870    0.012564  
  0.026836    0.023920    0.019396    0.021081    0.016763    0.019023    0.015762    0.016090    0.013984    0.014999    0.018804    0.008527    0.014160    0.011408    0.029790    0.012208    0.013682    0.015579    0.013884    0.014129    0.015175    0.014628    0.018307    0.017767    0.017551    0.017040    0.015494    0.015132    0.016803    0.018098  
  0.035497    0.034564    0.031325    0.022889    0.019561    0.019859    0.020866    0.019177    0.014048    0.013884    0.010888    0.010482    0.009280    0.013396    0.012208    0.029328    0.012562    0.018677    0.012265    0.019451    0.020138    0.020846    0.019885    0.019621    0.018097    0.017475    0.016433    0.016088    0.014799    0.014048  
  0.031021    0.031981    0.027326    0.023951    0.019836    0.020946    0.023668    0.019317    0.020871    0.019837    0.021613    0.002844    0.006791    0.010392    0.013682    0.012562    0.030825    0.024308    0.019587    0.022463    0.020769    0.022373    0.017467    0.019028    0.019141    0.019428    0.019032    0.019635    0.019653    0.019629  
  0.034919    0.032129    0.029933    0.025617    0.025021    0.025567    0.028319    0.025609    0.024632    0.024389    0.023836    0.001095    0.004861    0.009581    0.015579    0.018677    0.024308    0.040145    0.026583    0.029128    0.027586    0.030703    0.020731    0.022044    0.022164    0.022100    0.022091    0.022420    0.022040    0.021908  
  0.006191    0.006193    0.010133    0.016550    0.024696    0.025145    0.021535    0.022292    0.029308    0.026482    0.035472   -0.004235    0.007895    0.008543    0.013884    0.012265    0.019587    0.026583    0.040904    0.021985    0.034187    0.019638    0.017424    0.018441    0.021077    0.021867    0.022714    0.024190    0.027001    0.027652  
  0.030292    0.028979    0.028286    0.024773    0.022775    0.025833    0.028741    0.027149    0.033190    0.027349    0.033795   -0.004652   -0.001708    0.010677    0.014129    0.019451    0.022463    0.029128    0.021985    0.060276    0.038142    0.040176    0.019207    0.020948    0.021610    0.022617    0.022935    0.024506    0.025120    0.026342  
  0.012066    0.009995    0.016999    0.016899    0.026391    0.026691    0.026329    0.028306    0.032351    0.030283    0.036726   -0.004766    0.007234    0.007150    0.015175    0.020138    0.020769    0.027586    0.034187    0.038142    0.059969    0.032470    0.017614    0.019325    0.021798    0.023391    0.024901    0.025681    0.028843    0.028291  
  0.031747    0.032430    0.030388    0.023640    0.020935    0.023231    0.026538    0.024484    0.020720    0.023863    0.021525    0.004547    0.001273    0.012338    0.014628    0.020846    0.022373    0.030703    0.019638    0.040176    0.032470    0.056015    0.021283    0.021240    0.021032    0.021697    0.022172    0.022542    0.021163    0.022781  
  0.048428    0.041016    0.037737    0.032269    0.027576    0.025720    0.024713    0.021601    0.017253    0.017238    0.018534    0.012736    0.012795    0.016279    0.018307    0.019885    0.017467    0.020731    0.017424    0.019207    0.017614    0.021283    0.034183    0.028009    0.024910    0.023140    0.020583    0.020239    0.020370    0.021521  
  0.042427    0.037681    0.035774    0.031885    0.028388    0.027428    0.027133    0.024959    0.022280    0.022600    0.022647    0.010894    0.011985    0.015617    0.017767    0.019621    0.019028    0.022044    0.018441    0.020948    0.019325    0.021240    0.028009    0.028060    0.027131    0.026623    0.025357    0.025017    0.024660    0.024877  
  0.033286    0.029312    0.029278    0.027943    0.027721    0.027802    0.027858    0.027456    0.027487    0.028587    0.031028    0.008587    0.011195    0.014262    0.017551    0.018097    0.019141    0.022164    0.021077    0.021610    0.021798    0.021032    0.024910    0.027131    0.028333    0.029128    0.029198    0.029762    0.030484    0.030834  
  0.026241    0.023847    0.025223    0.025309    0.026774    0.027989    0.028868    0.030009    0.031930    0.034150    0.037797    0.007211    0.010048    0.013353    0.017040    0.017475    0.019428    0.022100    0.021867    0.022617    0.023391    0.021697    0.023140    0.026623    0.029128    0.031441    0.033069    0.034467    0.035723    0.036202  
  0.015874    0.015794    0.019489    0.021666    0.024872    0.027053    0.028918    0.032235    0.037195    0.040830    0.044331    0.004864    0.008517    0.011703    0.015494    0.016433    0.019032    0.022091    0.022714    0.022935    0.024901    0.022172    0.020583    0.025357    0.029198    0.033069    0.037339    0.039746    0.041260    0.041522  
  0.012828    0.012878    0.016805    0.019369    0.024024    0.026715    0.029692    0.034066    0.040765    0.046583    0.052875    0.003069    0.007499    0.010764    0.015132    0.016088    0.019635    0.022420    0.024190    0.024506    0.025681    0.022542    0.020239    0.025017    0.029762    0.034467    0.039746    0.044045    0.046985    0.047877  
  0.009226    0.005295    0.011361    0.015867    0.023912    0.027056    0.029820    0.035107    0.044454    0.052099    0.065193    0.000617    0.008538    0.010870    0.016803    0.014799    0.019653    0.022040    0.027001    0.025120    0.028843    0.021163    0.020370    0.024660    0.030484    0.035723    0.041260    0.046985    0.053522    0.055151  
  0.009307    0.003876    0.009662    0.014490    0.022926    0.026688    0.029568    0.034927    0.044858    0.053303    0.068242    0.000862    0.008720    0.012564    0.018098    0.014048    0.019629    0.021908    0.027652    0.026342    0.028291    0.022781    0.021521    0.024877    0.030834    0.036202    0.041522    0.047877    0.055151    0.058730  
