// MicroBooNE covariance matrix; extracted from 1e1pCCQE-cov-matrix-total-cropped.png
// by Joachim Kopp using an automated Python script
// 
// n_bins = 29
static double Mfrac[NCOV][NCOV] = {
{ 0.07166,   0.05958,   0.05091,   0.03790,   0.03232,   0.02675,   0.02241,   0.02210,   0.02086,   0.02024,   0.01869,   0.01838,   0.01714,   0.01529,   0.01714,   0.01622,   0.01807,   0.01838,   0.02086,   0.00506,   0.02799,   0.03759,   0.02768,   0.00816,   0.01157,   0.02303,   0.02365,   0.02365,   0.01157 },
{ 0.05958,   0.06082,   0.05091,   0.03852,   0.03356,   0.02799,   0.02148,   0.02086,   0.01962,   0.01900,   0.01869,   0.01776,   0.01714,   0.01591,   0.01683,   0.01714,   0.01900,   0.01900,   0.02365,   0.00878,   0.02737,   0.03666,   0.02706,   0.00754,   0.01064,   0.02520,   0.02706,   0.02613,   0.01529 },
{ 0.05091,   0.05091,   0.05865,   0.04007,   0.03852,   0.03108,   0.02024,   0.02024,   0.01900,   0.01838,   0.01900,   0.01652,   0.01683,   0.01529,   0.01467,   0.01591,   0.01962,   0.01962,   0.02458,   0.01467,   0.02551,   0.03387,   0.02799,   0.01064,   0.01002,   0.02458,   0.02706,   0.02427,   0.01869 },
{ 0.03790,   0.03852,   0.04007,   0.03821,   0.03015,   0.02613,   0.01776,   0.01745,   0.01622,   0.01529,   0.01652,   0.01436,   0.01467,   0.01343,   0.01343,   0.01374,   0.01591,   0.01591,   0.01962,   0.01436,   0.02086,   0.02613,   0.01962,   0.00723,   0.00909,   0.02086,   0.02303,   0.02086,   0.01591 },
{ 0.03232,   0.03356,   0.03852,   0.03015,   0.03697,   0.02830,   0.01962,   0.02024,   0.01900,   0.01776,   0.01838,   0.01591,   0.01652,   0.01591,   0.01529,   0.01683,   0.01962,   0.02024,   0.02551,   0.01745,   0.01962,   0.02303,   0.02148,   0.01250,   0.01281,   0.02303,   0.02365,   0.02148,   0.01869 },
{ 0.02675,   0.02799,   0.03108,   0.02613,   0.02830,   0.03263,   0.01745,   0.01962,   0.01745,   0.01714,   0.01776,   0.01591,   0.01622,   0.01529,   0.01436,   0.01529,   0.01529,   0.01529,   0.02520,   0.01714,   0.01745,   0.01962,   0.01776,   0.01281,   0.01343,   0.02210,   0.01776,   0.01838,   0.01591 },
{ 0.02241,   0.02148,   0.02024,   0.01776,   0.01962,   0.01745,   0.02148,   0.01838,   0.01776,   0.01714,   0.01652,   0.01622,   0.01622,   0.01652,   0.01745,   0.01776,   0.01807,   0.01838,   0.02024,   0.01033,   0.01529,   0.01622,   0.01405,   0.01064,   0.01529,   0.01900,   0.01900,   0.01869,   0.01343 },
{ 0.02210,   0.02086,   0.02024,   0.01745,   0.02024,   0.01962,   0.01838,   0.02024,   0.01807,   0.01776,   0.01714,   0.01652,   0.01652,   0.01652,   0.01683,   0.01652,   0.01683,   0.01714,   0.02148,   0.01188,   0.01529,   0.01591,   0.01436,   0.01250,   0.01529,   0.01900,   0.01683,   0.01683,   0.01250 },
{ 0.02086,   0.01962,   0.01900,   0.01622,   0.01900,   0.01745,   0.01776,   0.01807,   0.01900,   0.01745,   0.01714,   0.01622,   0.01652,   0.01622,   0.01622,   0.01591,   0.01652,   0.01683,   0.01962,   0.01064,   0.01529,   0.01622,   0.01467,   0.01250,   0.01529,   0.01807,   0.01683,   0.01622,   0.01250 },
{ 0.02024,   0.01900,   0.01838,   0.01529,   0.01776,   0.01714,   0.01714,   0.01776,   0.01745,   0.01900,   0.01745,   0.01683,   0.01714,   0.01683,   0.01652,   0.01622,   0.01591,   0.01591,   0.01962,   0.00971,   0.01467,   0.01591,   0.01436,   0.01250,   0.01529,   0.01838,   0.01652,   0.01622,   0.01188 },
{ 0.01869,   0.01869,   0.01900,   0.01652,   0.01838,   0.01776,   0.01652,   0.01714,   0.01714,   0.01745,   0.01838,   0.01652,   0.01714,   0.01683,   0.01652,   0.01622,   0.01652,   0.01622,   0.01962,   0.01095,   0.01405,   0.01529,   0.01467,   0.01343,   0.01529,   0.01838,   0.01714,   0.01652,   0.01281 },
{ 0.01838,   0.01776,   0.01652,   0.01436,   0.01591,   0.01591,   0.01622,   0.01652,   0.01622,   0.01683,   0.01652,   0.01838,   0.01745,   0.01745,   0.01745,   0.01714,   0.01652,   0.01622,   0.02024,   0.00878,   0.01250,   0.01374,   0.01281,   0.01188,   0.01467,   0.01869,   0.01745,   0.01745,   0.01188 },
{ 0.01714,   0.01714,   0.01683,   0.01467,   0.01652,   0.01622,   0.01622,   0.01652,   0.01652,   0.01714,   0.01714,   0.01745,   0.01900,   0.01869,   0.01869,   0.01838,   0.01838,   0.01807,   0.02210,   0.00909,   0.01188,   0.01281,   0.01405,   0.01374,   0.01591,   0.01900,   0.01900,   0.01900,   0.01405 },
{ 0.01529,   0.01591,   0.01529,   0.01343,   0.01591,   0.01529,   0.01652,   0.01652,   0.01622,   0.01683,   0.01683,   0.01745,   0.01869,   0.02024,   0.02086,   0.02086,   0.02148,   0.02148,   0.02613,   0.00754,   0.01002,   0.01188,   0.01405,   0.01436,   0.01683,   0.02024,   0.02086,   0.02210,   0.01714 },
{ 0.01714,   0.01683,   0.01467,   0.01343,   0.01529,   0.01436,   0.01745,   0.01683,   0.01622,   0.01652,   0.01652,   0.01745,   0.01869,   0.02086,   0.02365,   0.02365,   0.02458,   0.02458,   0.02830,   0.00630,   0.00909,   0.01095,   0.01405,   0.01405,   0.01745,   0.02086,   0.02365,   0.02520,   0.01900 },
{ 0.01622,   0.01714,   0.01591,   0.01374,   0.01683,   0.01529,   0.01776,   0.01652,   0.01591,   0.01622,   0.01622,   0.01714,   0.01838,   0.02086,   0.02365,   0.02830,   0.02706,   0.02768,   0.03263,   0.00630,   0.00754,   0.01064,   0.01436,   0.01436,   0.01714,   0.02148,   0.02458,   0.02644,   0.02148 },
{ 0.01807,   0.01900,   0.01962,   0.01591,   0.01962,   0.01529,   0.01807,   0.01683,   0.01652,   0.01591,   0.01652,   0.01652,   0.01838,   0.02148,   0.02458,   0.02706,   0.03387,   0.03356,   0.03759,   0.00661,   0.00723,   0.01157,   0.01714,   0.01652,   0.01745,   0.02210,   0.02830,   0.02984,   0.02613 },
{ 0.01838,   0.01900,   0.01962,   0.01591,   0.02024,   0.01529,   0.01838,   0.01714,   0.01683,   0.01591,   0.01622,   0.01622,   0.01807,   0.02148,   0.02458,   0.02768,   0.03356,   0.03914,   0.04100,   0.00537,   0.00661,   0.01095,   0.01714,   0.01591,   0.01683,   0.02210,   0.02799,   0.02923,   0.02582 },
{ 0.02086,   0.02365,   0.02458,   0.01962,   0.02551,   0.02520,   0.02024,   0.02148,   0.01962,   0.01962,   0.01962,   0.02024,   0.02210,   0.02613,   0.02830,   0.03263,   0.03759,   0.04100,   0.07104,   0.00909,   0.01002,   0.01467,   0.02024,   0.01900,   0.01869,   0.02923,   0.03201,   0.03573,   0.03294 },
{ 0.00506,   0.00878,   0.01467,   0.01436,   0.01745,   0.01714,   0.01033,   0.01188,   0.01064,   0.00971,   0.01095,   0.00878,   0.00909,   0.00754,   0.00630,   0.00630,   0.00661,   0.00537,   0.00909,   0.06454,   0.04564,   0.03108,   0.01467,   0.00382,   0.00073,   0.00197,  -0.00113,  -0.00330,   0.00290 },
{ 0.02799,   0.02737,   0.02551,   0.02086,   0.01962,   0.01745,   0.01529,   0.01529,   0.01529,   0.01467,   0.01405,   0.01250,   0.01188,   0.01002,   0.00909,   0.00754,   0.00723,   0.00661,   0.01002,   0.04564,   0.06299,   0.04688,   0.02148,   0.00073,   0.00073,   0.00506,   0.00382,   0.00073,   0.00197 },
{ 0.03759,   0.03666,   0.03387,   0.02613,   0.02303,   0.01962,   0.01622,   0.01591,   0.01622,   0.01591,   0.01529,   0.01374,   0.01281,   0.01188,   0.01095,   0.01064,   0.01157,   0.01095,   0.01467,   0.03108,   0.04688,   0.04812,   0.02706,   0.00506,   0.00413,   0.01188,   0.01250,   0.01033,   0.00816 },
{ 0.02768,   0.02706,   0.02799,   0.01962,   0.02148,   0.01776,   0.01405,   0.01436,   0.01467,   0.01436,   0.01467,   0.01281,   0.01405,   0.01405,   0.01405,   0.01436,   0.01714,   0.01714,   0.02024,   0.01467,   0.02148,   0.02706,   0.03232,   0.01807,   0.01250,   0.01652,   0.01807,   0.01714,   0.01405 },
{ 0.00816,   0.00754,   0.01064,   0.00723,   0.01250,   0.01281,   0.01064,   0.01250,   0.01250,   0.01250,   0.01343,   0.01188,   0.01374,   0.01436,   0.01405,   0.01436,   0.01652,   0.01591,   0.01900,   0.00382,   0.00073,   0.00506,   0.01807,   0.02892,   0.02086,   0.01714,   0.01467,   0.01652,   0.01529 },
{ 0.01157,   0.01064,   0.01002,   0.00909,   0.01281,   0.01343,   0.01529,   0.01529,   0.01529,   0.01529,   0.01529,   0.01467,   0.01591,   0.01683,   0.01745,   0.01714,   0.01745,   0.01683,   0.01869,   0.00073,   0.00073,   0.00413,   0.01250,   0.02086,   0.02458,   0.02241,   0.02086,   0.02241,   0.01714 },
{ 0.02303,   0.02520,   0.02458,   0.02086,   0.02303,   0.02210,   0.01900,   0.01900,   0.01807,   0.01838,   0.01838,   0.01869,   0.01900,   0.02024,   0.02086,   0.02148,   0.02210,   0.02210,   0.02923,   0.00197,   0.00506,   0.01188,   0.01652,   0.01714,   0.02241,   0.03480,   0.03387,   0.03542,   0.02799 },
{ 0.02365,   0.02706,   0.02706,   0.02303,   0.02365,   0.01776,   0.01900,   0.01683,   0.01683,   0.01652,   0.01714,   0.01745,   0.01900,   0.02086,   0.02365,   0.02458,   0.02830,   0.02799,   0.03201,  -0.00113,   0.00382,   0.01250,   0.01807,   0.01467,   0.02086,   0.03387,   0.04781,   0.04316,   0.03573 },
{ 0.02365,   0.02613,   0.02427,   0.02086,   0.02148,   0.01838,   0.01869,   0.01683,   0.01622,   0.01622,   0.01652,   0.01745,   0.01900,   0.02210,   0.02520,   0.02644,   0.02984,   0.02923,   0.03573,  -0.00330,   0.00073,   0.01033,   0.01714,   0.01652,   0.02241,   0.03542,   0.04316,   0.05246,   0.03914 },
{ 0.01157,   0.01529,   0.01869,   0.01591,   0.01869,   0.01591,   0.01343,   0.01250,   0.01250,   0.01188,   0.01281,   0.01188,   0.01405,   0.01714,   0.01900,   0.02148,   0.02613,   0.02582,   0.03294,   0.00290,   0.00197,   0.00816,   0.01405,   0.01529,   0.01714,   0.02799,   0.03573,   0.03914,   0.07569 },
};

